Arena Size: 10x10
Number of Bots: 8
Thread ID           Exec Time (ms)      Wait Time (ms)      Percent Wait        
20420               2097                121                 5.77                
14800               2316                72                  3.11                
5564                31593               3                   0.01                
12336               3097                3                   0.10                
17284               5273                193                 3.66                
8788                6210                80                  1.29                
9624                8341                231                 2.77                
19664               32000               132                 0.41                
Arena Size: 10x10
Number of Bots: 12
Thread ID           Exec Time (ms)      Wait Time (ms)      Percent Wait        
3524                6029                182                 3.02                
16872               3892                195                 5.01                
12792               2772                81                  2.92                
15260               3984                49                  1.23                
24272               4422                85                  1.92                
11932               5343                36                  0.67                
9640                5794                176                 3.04                
11400               5832                135                 2.31                
1472                8896                159                 1.79                
19824               9773                184                 1.88                
21096               11992               190                 1.58                
4024                12731               100                 0.79                
Arena Size: 10x10
Number of Bots: 30
Thread ID           Exec Time (ms)      Wait Time (ms)      Percent Wait        
6896                1049                98                  9.34                
20924               2888                80                  2.77                
14636               1144                96                  8.39                
14640               2394                216                 9.02                
5460                5216                258                 4.95                
20428               3257                74                  2.27                
10132               2463                148                 6.01                
20540               2743                8                   0.29                
13376               15708               595                 3.79                
20128               2786                117                 4.20                
6916                3320                101                 3.04                
18160               3425                334                 9.75                
16104               5171                272                 5.26                
23748               3492                244                 6.99                
17644               12543               229                 1.83                
23668               3693                154                 4.17                
19548               4007                280                 6.99                
9752                4055                381                 9.40                
21964               4106                264                 6.43                
2504                10054               163                 1.62                
15200               5408                248                 4.59                
18204               6124                134                 2.19                
5172                6677                180                 2.70                
23084               7656                556                 7.26                
22844               8667                206                 2.38                
11672               8715                347                 3.98                
16748               9949                593                 5.96                
15108               16408               260                 1.58                
12968               17233               231                 1.34                
6956                17497               377                 2.15                
Arena Size: 12x12
Number of Bots: 3
Thread ID           Exec Time (ms)      Wait Time (ms)      Percent Wait        
21772               9636                80                  0.83                
4512                10589               131                 1.24                
12176               10524               1                   0.01                
Arena Size: 12x12
Number of Bots: 3
Thread ID           Exec Time (ms)      Wait Time (ms)      Percent Wait        
9104                1455                106                 7.29                
9116                2821                30                  1.06                
20948               3682                51                  1.39                
